-1.924779 -1.664337 -1.694389 -1.796985 -1.322775 -2.070967 -2.875597 -1.908568 -2.129225 -2.009755 -2.287254 -2.171743 -2.326817 -1.484323 -1.819203 -1.588489 -1.303027 -1.785567 -1.716495 -1.507519 
-1.664337 -1.588353 -1.415698 -1.559456 -1.331365 -1.982228 -3.109356 -1.938800 -1.567453 -1.381472 -1.493437 -2.125275 -2.272049 -1.388623 -1.382970 -1.574335 -1.554209 -2.251710 -1.266440 -1.402335 
-1.694389 -1.415698 -1.984468 -1.498853 -1.896105 -1.301680 -3.381403 -2.773166 -1.839940 -1.568653 -1.796041 -1.663554 -2.402408 -2.038582 -1.695295 -1.097832 -2.051991 -3.036958 -1.308156 -1.978946 
-1.796985 -1.559456 -1.498853 -1.466603 -1.430195 -1.439622 -2.102082 -2.257726 -1.486962 -1.386443 -1.562197 -1.666103 -2.558108 -2.018450 -1.733446 -1.596985 -1.624326 -1.942269 -1.586145 -1.522160 
-1.322775 -1.331365 -1.896105 -1.430195 -0.932593 -1.631491 -1.883078 -1.938062 -1.546867 -1.849765 -2.234606 -2.403011 -2.271503 -2.076346 -1.983251 -1.061940 -1.638353 -2.188637 -1.673076 -1.639228 
-2.070967 -1.982228 -1.301680 -1.439622 -1.631491 -2.261248 -1.801656 -1.737928 -1.538956 -1.385170 -1.784117 -2.464462 -2.573770 -1.955418 -1.705805 -1.567142 -2.326642 -1.828204 -1.541274 -0.986146 
-2.875597 -3.109356 -3.381403 -2.102082 -1.883078 -1.801656 -3.992165 -3.250436 -1.222159 -1.642074 -2.181683 -2.169241 -2.346522 -3.041106 -1.379519 -1.307571 -2.834222 -6.165108 -3.435483 -2.158736 
-1.908568 -1.938800 -2.773166 -2.257726 -1.938062 -1.737928 -3.250436 -3.206082 -1.601381 -1.260809 -1.852483 -1.770313 -1.883702 -1.910967 -1.675711 -1.533052 -2.159476 -4.741344 -1.544965 -2.073291 
-2.129225 -1.567453 -1.839940 -1.486962 -1.546867 -1.538956 -1.222159 -1.601381 -1.298311 -1.778911 -2.001081 -2.205918 -2.634287 -1.707932 -2.444107 -1.351437 -1.934086 -1.236312 -1.485600 -1.786634 
-2.009755 -1.381472 -1.568653 -1.386443 -1.849765 -1.385170 -1.642074 -1.260809 -1.778911 -1.878630 -1.932780 -2.149232 -2.920817 -1.713928 -2.527972 -0.895303 -1.801332 -1.758943 -1.607829 -1.429442 
-2.287254 -1.493437 -1.796041 -1.562197 -2.234606 -1.784117 -2.181683 -1.852483 -2.001081 -1.932780 -2.272046 -2.448564 -3.120738 -2.309937 -3.371990 -2.302066 -1.996445 -2.125348 -2.003690 -1.774726 
-2.171743 -2.125275 -1.663554 -1.666103 -2.403011 -2.464462 -2.169241 -1.770313 -2.205918 -2.149232 -2.448564 -2.719353 -2.886794 -2.317598 -3.359091 -2.122263 -2.210459 -2.590465 -1.969418 -1.922827 
-2.326817 -2.272049 -2.402408 -2.558108 -2.271503 -2.573770 -2.346522 -1.883702 -2.634287 -2.920817 -3.120738 -2.886794 -3.687169 -2.675662 -3.642266 -2.365364 -2.593287 -3.002880 -2.476272 -2.602498 
-1.484323 -1.388623 -2.038582 -2.018450 -2.076346 -1.955418 -3.041106 -1.910967 -1.707932 -1.713928 -2.309937 -2.317598 -2.675662 -2.158722 -1.989259 -2.275652 -1.904150 -2.065146 -1.608991 -1.728913 
-1.819203 -1.382970 -1.695295 -1.733446 -1.983251 -1.705805 -1.379519 -1.675711 -2.444107 -2.527972 -3.371990 -3.359091 -3.642266 -1.989259 -2.141222 -1.305908 -2.014239 -5.529036 -5.029550 -2.361344 
-1.588489 -1.574335 -1.097832 -1.596985 -1.061940 -1.567142 -1.307571 -1.533052 -1.351437 -0.895303 -2.302066 -2.122263 -2.365364 -2.275652 -1.305908 -1.293839 -1.506442 -4.426943 -2.618010 -1.273292 
-1.303027 -1.554209 -2.051991 -1.624326 -1.638353 -2.326642 -2.834222 -2.159476 -1.934086 -1.801332 -1.996445 -2.210459 -2.593287 -1.904150 -2.014239 -1.506442 -2.709750 -3.474703 -2.329718 -1.416795 
-1.785567 -2.251710 -3.036958 -1.942269 -2.188637 -1.828204 -6.165108 -4.741344 -1.236312 -1.758943 -2.125348 -2.590465 -3.002880 -2.065146 -5.529036 -4.426943 -3.474703 -1.834945 -1.450819 -1.454220 
-1.716495 -1.266440 -1.308156 -1.586145 -1.673076 -1.541274 -3.435483 -1.544965 -1.485600 -1.607829 -2.003690 -1.969418 -2.476272 -1.608991 -5.029550 -2.618010 -2.329718 -1.450819 -0.599967 -1.748522 
-1.507519 -1.402335 -1.978946 -1.522160 -1.639228 -0.986146 -2.158736 -2.073291 -1.786634 -1.429442 -1.774726 -1.922827 -2.602498 -1.728913 -2.361344 -1.273292 -1.416795 -1.454220 -1.748522 -1.507870 