-2.17904 -2.78557 -2.07131 -3.07283 -2.94957 -2.91358 -2.29893 -2.23920 -2.44362 -2.44362 -2.25201 -1.74890 -2.14331 -2.02872 -0.88802 -0.93326 -2.35508 -2.40396 -1.69258 -2.41110
-2.78557 -3.38118 -2.94140 -3.64020 -3.65723 -3.61291 -3.30376 -3.40879 -2.46192 -2.46192 -2.44840 -2.41442 -2.54180 -2.50619 -0.91324 -1.22834 -2.64525 -3.15663 -1.99843 -2.85824
-2.07131 -2.94140 -3.06682 -2.96207 -2.84502 -2.76432 -3.56630 -3.43917 -2.01230 -2.01230 -1.95279 -1.84605 -2.03255 -1.79398 -0.99498 -1.12033 -2.37259 -4.50374 -2.08061 -2.29473
-3.07283 -3.64020 -2.96207 -4.01318 -3.76265 -3.96035 -2.94878 -3.37080 -2.99546 -2.99546 -2.99553 -2.76449 -2.52536 -3.00896 -1.01717 -1.40244 -2.97079 -3.89904 -2.13992 -3.42980
-2.94957 -3.65723 -2.84502 -3.76265 -3.82304 -3.86267 -3.02414 -3.15649 -2.83483 -2.83483 -2.91129 -2.48819 -2.77837 -3.07365 -0.92955 -1.67601 -3.17764 -3.66126 -2.07002 -3.35522
-2.91358 -3.61291 -2.76432 -3.96035 -3.86267 -3.79238 -2.73813 -2.96476 -3.11309 -3.11309 -2.86107 -2.68595 -2.72058 -2.88787 -1.03742 -1.33513 -2.62850 -3.13778 -2.37129 -3.15348
-2.29893 -3.30376 -3.56630 -2.94878 -3.02414 -2.73813 -4.39703 -3.58668 -1.47902 -1.47902 -2.10644 -1.55757 -2.34506 -3.05325 -1.02100 -1.02386 -2.93602 -7.09368 -4.77708 -3.08244
-2.23920 -3.40879 -3.43917 -3.37080 -3.15649 -2.96476 -3.58668 -3.63958 -1.74571 -1.74571 -2.17124 -1.82703 -2.51450 -2.80451 -1.05010 -1.26683 -3.04387 -5.72831 -3.47647 -2.99753
-2.44362 -2.46192 -2.01230 -2.99546 -2.83483 -3.11309 -1.47902 -1.74571 -3.01226 -3.01226 -2.39220 -2.09699 -2.06177 -2.00413 -0.50172 -0.84664 -1.94311 -1.43226 -1.70043 -2.80274
-2.44362 -2.46192 -2.01230 -2.99546 -2.83483 -3.11309 -1.47902 -1.74571 -3.01226 -3.01226 -2.39220 -2.09699 -2.06177 -2.00413 -0.50172 -0.84664 -1.94311 -1.43226 -1.70043 -2.80274
-2.25201 -2.44840 -1.95279 -2.99553 -2.91129 -2.86107 -2.10644 -2.17124 -2.39220 -2.39220 -2.17639 -2.15427 -2.02294 -2.33920 -0.63305 -1.13169 -1.99020 -1.89405 -1.59374 -2.45346
-1.74890 -2.41442 -1.84605 -2.76449 -2.48819 -2.68595 -1.55757 -1.82703 -2.09699 -2.09699 -2.15427 -1.80919 -1.97778 -2.37238 -0.57952 -1.32432 -2.04149 -2.07649 -1.48734 -2.14859
-2.14331 -2.54180 -2.03255 -2.52536 -2.77837 -2.72058 -2.34506 -2.51450 -2.06177 -2.06177 -2.02294 -1.97778 -2.19598 -2.28060 -1.04591 -1.29822 -1.87940 -1.92194 -1.33357 -2.25369
-2.02872 -2.50619 -1.79398 -3.00896 -3.07365 -2.88787 -3.05325 -2.80451 -2.00413 -2.00413 -2.33920 -2.37238 -2.28060 -2.33722 -1.29546 -1.09240 -1.96400 -2.26601 -1.62957 -2.79666
-0.88802 -0.91324 -0.99498 -1.01717 -0.92955 -1.03742 -1.02100 -1.05010 -0.50172 -0.50172 -0.63305 -0.57952 -1.04591 -1.29546 -0.61225 -0.65366 -1.41218 -7.79878 -3.25082 -1.06597
-0.93326 -1.22834 -1.12033 -1.40244 -1.67601 -1.33513 -1.02386 -1.26683 -0.84664 -0.84664 -1.13169 -1.32432 -1.29822 -1.09240 -0.65366 -0.80181 -1.61068 -7.45705 -2.76222 -1.63794
-2.35508 -2.64525 -2.37259 -2.97079 -3.17764 -2.62850 -2.93602 -3.04387 -1.94311 -1.94311 -1.99020 -2.04149 -1.87940 -1.96400 -1.41218 -1.61068 -2.83985 -3.41747 -1.94223 -2.57331
-2.40396 -3.15663 -4.50374 -3.89904 -3.66126 -3.13778 -7.09368 -5.72831 -1.43226 -1.43226 -1.89405 -2.07649 -1.92194 -2.26601 -7.79878 -7.45705 -3.41747 -1.39272 -0.90115 -2.74562
-1.69258 -1.99843 -2.08061 -2.13992 -2.07002 -2.37129 -4.77708 -3.47647 -1.70043 -1.70043 -1.59374 -1.48734 -1.33357 -1.62957 -3.25082 -2.76222 -1.94223 -0.90115 -0.39426 -1.88178
-2.41110 -2.85824 -2.29473 -3.42980 -3.35522 -3.15348 -3.08244 -2.99753 -2.80274 -2.80274 -2.45346 -2.14859 -2.25369 -2.79666 -1.06597 -1.63794 -2.57331 -2.74562 -1.88178 -3.02585

